#
# Column 0: Name
# Column 1: Type
# Column 2: Curvature R (mm)
# Column 3: Thickness dz (mm)
# Column 4: Outer Radius (mm)
# Column 5: Inner Radius (mm)
# Column 6: Conic Constant Kappa
# Column 7 - 20: Aspheric Coefficient a_3 - a_16 (a_n r^n in meters)
# Column 15: Coating file
# Column 16: Medium file
# (0)    (1)               (2)                (3)            (4) (5)      (6) (7) (8)                 (9) (10)                (11) (12)                (13) (14)                (15)                 (16) (17) (18)                (19) (20)                (21) (22)
PM    mirror 30000.0             0.0              4100.0         0.0 -1.00835 0.0 0.0                 0.0  0.0                 0.0  0.0                 0.0  0.0                 0.0  0.0                  0.0  0.0                 0.0  0.0                 ---  hsc_air
G1    lens     760.0             13456.4          410.0          0.0 0.0      0.0 0.0                 0.0  0.0                 0.0  0.0                 0.0  0.0                 0.0  0.0                  0.0  0.0                 0.0  0.0                 ---  hsc_silica
G1E   lens    1375.5             97.18            402.20143728   0.0 0.0      0.0 -1.497488783073E-10 0.0  -7.579068214673E-17 0.0  -7.705293869522E-22 0.0  1.026626319251E-26  0.0  -7.078826218129E-32  0.0  2.559600617806E-37  0.0  -3.761551480578E-43 ---  hsc_air
G2    lens   -3530.0             372.85           307.5181146466 0.0 0.0      0.0 6.914718060975E-11  0.0  6.03728126364E-16   0.0  -1.532623173462E-20 0.0  3.618110894954E-25  0.0  -4.741677881169E-30  0.0  3.217309071692E-35  0.0  -8.85987809163E-41  ---  hsc_bsl7y
G2E   lens   656.2498974113356   46.0             286.5165285897 0.0 0.0      0.0 0.0                 0.0  0.0                 0.0  0.0                 0.0  0.0                 0.0  0.0                  0.0  0.0                 0.0  0.0                 ---  hsc_air
ADC1  lens   0.0                 318.0            282.794660157  0.0 0.0      0.0 0.0                 0.0  0.0                 0.0  0.0                 0.0  0.0                 0.0  0.0                  0.0  0.0                 0.0  0.0                 ---  hsc_bsl7y
ADC1E lens   1058.0              40.0             282.0282677958 0.0 0.0      0.0 0.0                 0.0  0.0                 0.0  0.0                 0.0  0.0                 0.0  0.0                  0.0  0.0                 0.0  0.0                 ---  hsc_air
ADC2  lens   1040.0              3.0              282.5217682803 0.0 0.0      0.0 0.0                 0.0  0.0                 0.0  0.0                 0.0  0.0                 0.0  0.0                  0.0  0.0                 0.0  0.0                 ---  hsc_pbl1y
ADC2E lens   0.0                 82.0             281.8065578377 0.0 0.0      0.0 0.0                 0.0  0.0                 0.0  0.0                 0.0  0.0                 0.0  0.0                  0.0  0.0                 0.0  0.0                 ---  hsc_air
G3    lens   -840.000170144847   274.3            275.8409560694 0.0 0.0      0.0 2.768476102307E-9   0.0  -4.855642009259E-14 0.0  7.176113272766E-19  0.0  -1.076370261452E-23 0.0  1.18744321781E-28    0.0  -7.983821197395E-34 0.0  2.393556961408E-39  ---  hsc_pbl1y
G3E   lens   9800.0              40.0             283.8358237172 0.0 0.0      0.0 0.0                 0.0  0.0                 0.0  0.0                 0.0  0.0                 0.0  0.0                  0.0  0.0                 0.0  0.0                 ---  hsc_air
G4    lens   480.0               90.0             314.0          0.0 0.0      0.0 -4.355533915492E-9  0.0  3.635867914913E-14  0.0  -5.951267151922E-19 0.0  7.658839741989E-24  0.0  -7.194120343205E-29  0.0  3.942820924898E-34  0.0  -9.54342843455E-40  ---  hsc_bsl7y
G4E   lens   4021.7590211374127  102.0            314.0          0.0 0.0      0.0 0.0                 0.0  0.0                 0.0  0.0                 0.0  0.0                 0.0  0.0                  0.0  0.0                 0.0  0.0                 ---  hsc_air
G5    lens   4176.748363640779   100.2            314.0          0.0 0.0      0.0 0.0                 0.0  0.0                 0.0  0.0                 0.0  0.0                 0.0  0.0                  0.0  0.0                 0.0  0.0                 ---  hsc_silica
G5E   lens   -1272.8222984309575 88.0             308.0          0.0 0.0      0.0 -1.064687616564E-9  0.0  3.377750239208E-15  0.0  -1.1026471335E-19   0.0  2.282368582236E-24  0.0  -2.743039658171E-29  0.0  1.755771152898E-34  0.0  -4.821949608578E-40 ---  hsc_air
F     filter 0.0                 90.04125645151   269.5068874933 0.0 0.0      0.0 0.0                 0.0  0.0                 0.0  0.0                 0.0  0.0                 0.0  0.0                  0.0  0.0                 0.0  0.0                 ---  hsc_silica
FE    filter 0.0                 15.0             266.8394944827 0.0 0.0      0.0 0.0                 0.0  0.0                 0.0  0.0                 0.0  0.0                 0.0  0.0                  0.0  0.0                 0.0  0.0                 ---  hsc_air
W     lens   0.0                 32.5             258.2205358629 0.0 0.0      0.0 0.0                 0.0  0.0                 0.0  0.0                 0.0  0.0                 0.0  0.0                  0.0  0.0                 0.0  0.0                 ---  hsc_silica
WE    lens   0.0                 37.0             251.6409664366 0.0 0.0      0.0 0.0                 0.0  0.0                 0.0  0.0                 0.0  0.0                 0.0  0.0                  0.0  0.0                 0.0  0.0                 ---  hsc_air
D     det    0.0                 15.0             247.6837392465 0.0 0.0      0.0 0.0                 0.0  0.0                 0.0  0.0                 0.0  0.0                 0.0  0.0                  0.0  0.0                 0.0  0.0                 ---  hsc_air
